{
 "cells": [
  {
   "cell_type": "markdown",
   "metadata": {},
   "source": [
    "https://codechick.io/tutorials/python/python-multiprocessing"
   ]
  },
  {
   "cell_type": "code",
   "execution_count": 2,
   "metadata": {},
   "outputs": [
    {
     "data": {
      "text/plain": [
       "10"
      ]
     },
     "execution_count": 2,
     "metadata": {},
     "output_type": "execute_result"
    }
   ],
   "source": [
    "import os\n",
    "import math\n",
    "import time\n",
    "# import httpimport\n",
    "\n",
    "# httpimport.CONFIG.read('../../../github.ini')\n",
    "\n",
    "# with httpimport.github_repo('kochelev', 'python_moex_api', ref='master', profile='github'):\n",
    "#     import moex as mx\n",
    "\n",
    "# import multiprocessing as mp\n",
    "import multiprocess as mp  # for Jupyter  https://stackoverflow.com/questions/41385708/multiprocessing-example-giving-attributeerror\n",
    "\n",
    "mp.cpu_count()"
   ]
  },
  {
   "cell_type": "markdown",
   "metadata": {},
   "source": [
    "# Простой подпроцесс"
   ]
  },
  {
   "cell_type": "code",
   "execution_count": 7,
   "metadata": {},
   "outputs": [
    {
     "name": "stdout",
     "output_type": "stream",
     "text": [
      "Main process (parallel)\n",
      "Child process\n",
      "Main process (after all)\n"
     ]
    }
   ],
   "source": [
    "def task(sleep_time, message):\n",
    "    time.sleep(sleep_time)\n",
    "    print(message)\n",
    "\n",
    "if __name__ == '__main__':\n",
    "    p = mp.Process(target=task, args=(1.5,), kwargs=dict(message=\"Child process\"))\n",
    "    p.start()\n",
    "    print('Main process (parallel)')\n",
    "    p.join()\n",
    "    print('Main process (after all)')"
   ]
  },
  {
   "cell_type": "markdown",
   "metadata": {},
   "source": [
    "# ??? Расширение класса Process"
   ]
  },
  {
   "cell_type": "code",
   "execution_count": 9,
   "metadata": {},
   "outputs": [
    {
     "name": "stdout",
     "output_type": "stream",
     "text": [
      "Custom process run function\n",
      "Main process (parallel)\n",
      "Main process (after all)\n"
     ]
    }
   ],
   "source": [
    "class CustomProcess(mp.Process):\n",
    "\n",
    "    def run(self):\n",
    "        print('Custom process run function')\n",
    "\n",
    "def task(sleep_time, message):\n",
    "    time.sleep(sleep_time)\n",
    "    print(message)\n",
    "\n",
    "if __name__ == '__main__':\n",
    "    p = CustomProcess(target=task, args=(1.5,), kwargs=dict(message=\"Child process\"))\n",
    "    p.start()\n",
    "    print('Main process (parallel)')\n",
    "    p.join()\n",
    "    print('Main process (after all)')"
   ]
  },
  {
   "cell_type": "code",
   "execution_count": 4,
   "metadata": {},
   "outputs": [
    {
     "name": "stdout",
     "output_type": "stream",
     "text": [
      "Worker Name: undefined\n",
      "Worker Name: undefined\n",
      "Worker Name: undefined\n",
      "Worker Name: undefined\n",
      "Worker Name: undefined\n",
      "Worker Name: undefined\n",
      "Worker Name: undefined\n",
      "Worker Name: undefinedWorker Name: undefined\n",
      "\n",
      "Worker Name: undefined\n"
     ]
    }
   ],
   "source": [
    "def task(x):\n",
    "    time.sleep(2)\n",
    " \n",
    "if __name__ == '__main__':\n",
    "\n",
    "    def init_pool():\n",
    "        print(f'Worker Name: undefined')\n",
    "\n",
    "    with mp.Pool(initializer=init_pool) as pool:\n",
    "        result = pool.map(task, range(1))\n"
   ]
  },
  {
   "cell_type": "code",
   "execution_count": 2,
   "metadata": {},
   "outputs": [
    {
     "name": "stdout",
     "output_type": "stream",
     "text": [
      "(0, 'ForkPoolWorker-1')\n",
      "(1, 'ForkPoolWorker-2')\n",
      "(2, 'ForkPoolWorker-3')\n",
      "(3, 'ForkPoolWorker-3')\n",
      "(4, 'ForkPoolWorker-2')\n",
      "(5, 'ForkPoolWorker-1')\n",
      "(6, 'ForkPoolWorker-3')\n",
      "(7, 'ForkPoolWorker-2')\n",
      "(8, 'ForkPoolWorker-2')\n",
      "(9, 'ForkPoolWorker-1')\n",
      "(10, 'ForkPoolWorker-3')\n",
      "(11, 'ForkPoolWorker-2')\n",
      "(12, 'ForkPoolWorker-1')\n",
      "(13, 'ForkPoolWorker-3')\n",
      "(14, 'ForkPoolWorker-2')\n",
      "(15, 'ForkPoolWorker-1')\n",
      "(16, 'ForkPoolWorker-3')\n",
      "(17, 'ForkPoolWorker-2')\n",
      "(18, 'ForkPoolWorker-1')\n",
      "(19, 'ForkPoolWorker-3')\n",
      "(20, 'ForkPoolWorker-2')\n",
      "(21, 'ForkPoolWorker-1')\n",
      "(22, 'ForkPoolWorker-3')\n"
     ]
    }
   ],
   "source": [
    "from multiprocess import current_process\n",
    "\n",
    "\n",
    "# task executed in a worker process\n",
    "def task(identifier):\n",
    "    process = current_process()\n",
    "    return identifier, process.name\n",
    "    \n",
    "if __name__ == '__main__':\n",
    "\n",
    "\n",
    "    results = []\n",
    "    with mp.Pool(3) as pool:\n",
    "        for result in pool.imap(task, range(23)):\n",
    "            results.append(result)\n",
    "\n",
    "    for x in results:\n",
    "        print(x)\n"
   ]
  },
  {
   "cell_type": "code",
   "execution_count": 3,
   "metadata": {},
   "outputs": [
    {
     "data": {
      "text/plain": [
       "3"
      ]
     },
     "execution_count": 3,
     "metadata": {},
     "output_type": "execute_result"
    }
   ],
   "source": [
    "len(set([x[1].split('-')[1] for x in results]))"
   ]
  },
  {
   "cell_type": "code",
   "execution_count": null,
   "metadata": {},
   "outputs": [],
   "source": [
    "def f(args):\n",
    "    x, = args\n",
    "    return math.factorial(x)"
   ]
  },
  {
   "cell_type": "code",
   "execution_count": null,
   "metadata": {},
   "outputs": [],
   "source": [
    "f((100_000,))"
   ]
  },
  {
   "cell_type": "code",
   "execution_count": null,
   "metadata": {},
   "outputs": [],
   "source": [
    "work = ([\"A\", 5], [\"B\", 2], [\"C\", 1], [\"D\", 3], [\"D\", 3], [\"D\", 3], [\"D\", 3], [\"D\", 3], [\"D\", 3], [\"D\", 3])\n",
    "\n",
    "\n",
    "def work_log(work_data):\n",
    "    # print(\" Process %s waiting %s seconds\" % (work_data[0], work_data[1]))\n",
    "    with open('e.txt', 'a') as fl:\n",
    "        fl.write(str(len(str(f((100_000,))))) + '\\n')\n",
    "    # print(\" Process %s Finished.\" % work_data[0])\n",
    "\n",
    "\n",
    "def pool_handler():\n",
    "    # p = mp.Pool(4)\n",
    "    # p.map(work_log, work)\n",
    "\n",
    "    with mp.Pool(10) as p:\n",
    "        p.map(work_log, work)\n",
    "\n",
    "if __name__ == '__main__':\n",
    "    pool_handler()"
   ]
  },
  {
   "cell_type": "code",
   "execution_count": null,
   "metadata": {},
   "outputs": [],
   "source": [
    "work = ([\"A\", 5], [\"B\", 4], [\"C\", 5], [\"D\", 3], [\"D\", 5], [\"D\", 5], [\"D\", 5], [\"D\", 5], [\"D\", 5], [\"D\", 5])\n",
    "\n",
    "def work_log_iterable(work_data):\n",
    "    return work_data[0] + str(len(str(f((10 ** work_data[1],))))) + '\\n'\n",
    "\n",
    "def pool_handler():\n",
    "\n",
    "    with mp.Pool(10) as p, open('e.txt', 'a') as fl:\n",
    "        for x in p.imap(work_log_iterable, work):\n",
    "            fl.write(x)\n",
    "\n",
    "if __name__ == '__main__':\n",
    "    pool_handler()"
   ]
  },
  {
   "cell_type": "markdown",
   "metadata": {},
   "source": [
    "# Пример с пулом и данными"
   ]
  },
  {
   "cell_type": "code",
   "execution_count": null,
   "metadata": {},
   "outputs": [],
   "source": [
    "if __name__ == '__main__':\n",
    "    with mp.Pool(1) as p:\n",
    "        p.map(f, [(100_000,), (100_000,), (100_000,)])"
   ]
  },
  {
   "cell_type": "code",
   "execution_count": null,
   "metadata": {},
   "outputs": [],
   "source": [
    "from multiprocessing import Pool\n",
    "\n",
    "import time\n",
    "\n",
    "work = ([\"A\", 5], [\"B\", 2], [\"C\", 1], [\"D\", 3])\n",
    "\n",
    "\n",
    "def work_log(work_data):\n",
    "    print(\" Process %s waiting %s seconds\" % (work_data[0], work_data[1]))\n",
    "    time.sleep(int(work_data[1]))\n",
    "    print(\" Process %s Finished.\" % work_data[0])\n",
    "\n",
    "\n",
    "def pool_handler():\n",
    "    p = Pool(2)\n",
    "    p.map(work_log, work)\n",
    "\n",
    "\n",
    "if __name__ == '__main__':\n",
    "    pool_handler()"
   ]
  },
  {
   "cell_type": "markdown",
   "metadata": {},
   "source": [
    "# Процесс"
   ]
  },
  {
   "cell_type": "code",
   "execution_count": null,
   "metadata": {},
   "outputs": [],
   "source": [
    "def f(name):\n",
    "    print('Module name:', __name__)\n",
    "    print('Parent process:', os.getppid())\n",
    "    print('Process Id:', os.getpid())\n",
    "    print('Hello,', name)\n",
    "\n",
    "if __name__ == '__main__':\n",
    "    p = mp.Process(target=f, args=('Bob',))\n",
    "    p.start()\n",
    "    p.join()"
   ]
  },
  {
   "cell_type": "code",
   "execution_count": null,
   "metadata": {},
   "outputs": [],
   "source": [
    "import time\n",
    "import random"
   ]
  },
  {
   "cell_type": "markdown",
   "metadata": {},
   "source": [
    "# Передача очереди в процесс и получение результата функции"
   ]
  },
  {
   "cell_type": "code",
   "execution_count": null,
   "metadata": {},
   "outputs": [],
   "source": [
    "def foo(q, x, y):\n",
    "    time.sleep(random.random())\n",
    "    q.put(['Hello', x * y])\n",
    "\n",
    "if __name__ == '__main__':\n",
    "    \n",
    "    q = mp.Queue()\n",
    "    \n",
    "    p1 = mp.Process(target=foo, args=(q, 5, 8))\n",
    "    p2 = mp.Process(target=foo, args=(q, 2, 3))\n",
    "\n",
    "    p1.start()\n",
    "    p2.start()\n",
    "    \n",
    "    print(q.get())\n",
    "    print(q.get())\n",
    "\n",
    "    p1.join()\n",
    "    p2.join()\n",
    "\n",
    "# Очередь работает по принципу стека FIFO"
   ]
  },
  {
   "cell_type": "markdown",
   "metadata": {},
   "source": []
  },
  {
   "cell_type": "code",
   "execution_count": null,
   "metadata": {},
   "outputs": [],
   "source": [
    "def foo(conn, x, y):\n",
    "    conn.send(['Hello', x * y])\n",
    "    conn.close()\n",
    "\n",
    "if __name__ == '__main__':\n",
    "    \n",
    "    parent_conn, child_conn = mp.Pipe()\n",
    "    \n",
    "    p1 = mp.Process(target=foo, args=(child_conn, 5, 8))\n",
    "    p2 = mp.Process(target=foo, args=(child_conn, 2, 3))\n",
    "\n",
    "    p1.start()\n",
    "    p2.start()\n",
    "    \n",
    "    print(parent_conn.recv())\n",
    "    print(parent_conn.recv())\n",
    "\n",
    "    p1.join()\n",
    "    p2.join()"
   ]
  },
  {
   "cell_type": "markdown",
   "metadata": {},
   "source": [
    "# Блокирование вывода"
   ]
  },
  {
   "cell_type": "code",
   "execution_count": 3,
   "metadata": {},
   "outputs": [
    {
     "name": "stdout",
     "output_type": "stream",
     "text": [
      "Hello world Hello world0 Hello world\n",
      "1 \n",
      "Hello world2 \n",
      "3Hello world"
     ]
    },
    {
     "name": "stdout",
     "output_type": "stream",
     "text": [
      "\n",
      " 4Hello world\n",
      " 5\n",
      "Hello world 6Hello world"
     ]
    },
    {
     "name": "stdout",
     "output_type": "stream",
     "text": [
      "\n",
      " 7Hello world \n",
      "8\n",
      "Hello world 9\n"
     ]
    }
   ],
   "source": [
    "def f(i):\n",
    "    print('Hello world', i)\n",
    "    \n",
    "if __name__ == '__main__':\n",
    "\n",
    "    for num in range(10):\n",
    "        mp.Process(target=f, args=(num,)).start()"
   ]
  },
  {
   "cell_type": "code",
   "execution_count": 25,
   "metadata": {},
   "outputs": [
    {
     "name": "stdout",
     "output_type": "stream",
     "text": [
      "Hello world 0\n",
      "Hello world 1\n",
      "Hello world 2\n",
      "Hello world 3\n",
      "Hello world 4\n",
      "Hello world 5\n",
      "Hello world 6\n",
      "Hello world 7\n",
      "Hello world 8\n"
     ]
    },
    {
     "name": "stdout",
     "output_type": "stream",
     "text": [
      "Hello world 9\n"
     ]
    }
   ],
   "source": [
    "def f(l, i):\n",
    "    l.acquire()\n",
    "    try:\n",
    "        print(f'Hello world {i}')\n",
    "    finally:\n",
    "        l.release()\n",
    "    \n",
    "if __name__ == '__main__':\n",
    "    lock = mp.Lock()\n",
    "\n",
    "    for num in range(10):\n",
    "        p = mp.Process(target=f, args=(lock, num))\n",
    "        p.start()\n",
    "        # p.join()\n"
   ]
  },
  {
   "cell_type": "markdown",
   "metadata": {},
   "source": [
    "# Обмен состояниями (крайне нежелательно так делать)"
   ]
  },
  {
   "cell_type": "code",
   "execution_count": null,
   "metadata": {},
   "outputs": [],
   "source": [
    "def f(n, a):\n",
    "    n.value = 3.14\n",
    "    for i in range(len(a)):\n",
    "        a[i] = -a[i]\n",
    "\n",
    "if __name__ == '__main__':\n",
    "    num = mp.Value('d', 0.0)\n",
    "    arr = mp.Array('i', [1, -2, 3])\n",
    "\n",
    "    p = mp.Process(target=f, args=(num, arr))\n",
    "    p.start()\n",
    "    p.join()\n",
    "\n",
    "    print(num.value)\n",
    "    print(arr[:])"
   ]
  },
  {
   "cell_type": "markdown",
   "metadata": {},
   "source": [
    "# Обмен объектами между процессами"
   ]
  },
  {
   "cell_type": "code",
   "execution_count": null,
   "metadata": {},
   "outputs": [],
   "source": [
    "mp.get_context()"
   ]
  },
  {
   "cell_type": "code",
   "execution_count": null,
   "metadata": {},
   "outputs": [],
   "source": [
    "def foo(q):\n",
    "    q.put('Hello')\n",
    "\n",
    "if __name__ == '__main__':\n",
    "    mp.set_start_method('spawn')\n",
    "    q = mp.Queue()\n",
    "    p = mp.Process(target=foo, args=(q,))\n",
    "    p.start()\n",
    "    print(q.get())\n",
    "    p.join()"
   ]
  },
  {
   "cell_type": "markdown",
   "metadata": {},
   "source": [
    "# Пример с вычислением"
   ]
  },
  {
   "cell_type": "code",
   "execution_count": null,
   "metadata": {},
   "outputs": [],
   "source": [
    "def task(n=1_000_000):\n",
    "    y = len(str(2 ** n))\n",
    "    return y"
   ]
  },
  {
   "cell_type": "code",
   "execution_count": null,
   "metadata": {},
   "outputs": [],
   "source": [
    "start = time.perf_counter()\n",
    "\n",
    "for _ in range(3):\n",
    "    task()\n",
    "\n",
    "finish = time.perf_counter()\n",
    "\n",
    "print(f'Выполнено за {finish-start: .2f} секунд.')"
   ]
  },
  {
   "cell_type": "code",
   "execution_count": null,
   "metadata": {},
   "outputs": [],
   "source": [
    "if __name__ == '__main__':\n",
    "    start = time.perf_counter()\n",
    "\n",
    "    for _ in range(3):\n",
    "        task()\n",
    "    \n",
    "    finish = time.perf_counter()\n",
    "\n",
    "print(f'Выполнено за {finish-start: .2f} секунд.')"
   ]
  },
  {
   "cell_type": "code",
   "execution_count": null,
   "metadata": {},
   "outputs": [],
   "source": [
    "if __name__ == '__main__':\n",
    "    start = time.perf_counter()\n",
    "\n",
    "    p1 = mp.Process(target=task)\n",
    "    p2 = mp.Process(target=task)\n",
    "    p3 = mp.Process(target=task)\n",
    "\n",
    "    p1.start()\n",
    "    p2.start()\n",
    "    p3.start()\n",
    "\n",
    "    p1.join()\n",
    "    p2.join()\n",
    "    p3.join()\n",
    "\n",
    "    finish = time.perf_counter()\n",
    "\n",
    "    print(f'Выполнено за {finish-start: .2f} секунд.')"
   ]
  },
  {
   "cell_type": "code",
   "execution_count": null,
   "metadata": {},
   "outputs": [],
   "source": [
    "import time"
   ]
  },
  {
   "cell_type": "code",
   "execution_count": null,
   "metadata": {},
   "outputs": [],
   "source": [
    "def fff(args):\n",
    "    x, = args\n",
    "    return math.factorial(x)"
   ]
  },
  {
   "cell_type": "code",
   "execution_count": null,
   "metadata": {},
   "outputs": [],
   "source": [
    "def result_callback(x):\n",
    "    print(x)\n",
    "\n",
    "if __name__ == '__main__':\n",
    "    start = time.perf_counter()\n",
    "\n",
    "    pool = mp.Pool(processes=1)\n",
    "\n",
    "    for _ in range(3):\n",
    "        pool.apply_async(fff, args=(100_000,), callback=result_callback)\n",
    "\n",
    "    pool.close()\n",
    "    pool.join()\n",
    "\n",
    "    finish = time.perf_counter()\n",
    "\n",
    "    print(f'Выполнено за {finish-start: .2f} секунд.')"
   ]
  },
  {
   "cell_type": "markdown",
   "metadata": {},
   "source": [
    "# Пример с картинками"
   ]
  },
  {
   "cell_type": "code",
   "execution_count": null,
   "metadata": {},
   "outputs": [],
   "source": [
    "import time\n",
    "import os\n",
    "from PIL import Image, ImageFilter\n",
    "\n",
    "filenames = [\n",
    "    'images/1.jpg',\n",
    "    'images/2.jpg',\n",
    "    'images/3.jpg'\n",
    "]\n",
    "\n",
    "def create_thumbnail(filename, size=(50,50), thumb_dir ='thumbs'):\n",
    "    img = Image.open(filename)\n",
    "    img = img.filter(ImageFilter.GaussianBlur())\n",
    "    img.thumbnail(size)\n",
    "    img.save(f'{thumb_dir}/{os.path.basename(filename)}')\n",
    "    print(f'Файл {filename} обработан...')"
   ]
  },
  {
   "cell_type": "code",
   "execution_count": null,
   "metadata": {},
   "outputs": [],
   "source": [
    "if __name__ == '__main__':\n",
    "    start = time.perf_counter()\n",
    "\n",
    "    for filename in filenames:\n",
    "        create_thumbnail(filename)\n",
    "        \n",
    "    finish = time.perf_counter()\n",
    "\n",
    "    print(f'Выполнение заняло {finish-start: .2f} секунд.')"
   ]
  },
  {
   "cell_type": "code",
   "execution_count": null,
   "metadata": {},
   "outputs": [],
   "source": [
    "if __name__ == '__main__':\n",
    "    start = time.perf_counter()\n",
    "\n",
    "    # создаем процесс\n",
    "    processes = [mp.Process(target=create_thumbnail, args=[filename]) \n",
    "                for filename in filenames]\n",
    "\n",
    "    # запускаем процесс\n",
    "    for process in processes:\n",
    "        process.start()\n",
    "\n",
    "    # дожидаемся выполнение\n",
    "    for process in processes:\n",
    "        process.join()\n",
    "\n",
    "    finish = time.perf_counter()\n",
    "\n",
    "    print(f'Выполнение заняло {finish-start: .2f} секунд.')"
   ]
  },
  {
   "cell_type": "markdown",
   "metadata": {},
   "source": [
    "https://pythonim.ru/moduli/multiprocessing-python"
   ]
  },
  {
   "cell_type": "code",
   "execution_count": null,
   "metadata": {},
   "outputs": [],
   "source": [
    "def f(l, i):\n",
    "    l.acquire()\n",
    "    try:\n",
    "        print('Hello world', i)\n",
    "    finally:\n",
    "        l.release()\n",
    "    \n",
    "if __name__ == '__main__':\n",
    "    lock = mp.Lock()\n",
    "\n",
    "    for num in range(10):\n",
    "        p = mp.Process(target=f, args=(lock, num))\n",
    "        p.start()\n",
    "        # p.join()"
   ]
  },
  {
   "cell_type": "markdown",
   "metadata": {},
   "source": [
    "# Работа с пулами (Pool)"
   ]
  },
  {
   "cell_type": "code",
   "execution_count": null,
   "metadata": {},
   "outputs": [],
   "source": [
    "from multiprocess import Pool, TimeoutError\n",
    "import time\n",
    "import os"
   ]
  },
  {
   "cell_type": "code",
   "execution_count": null,
   "metadata": {},
   "outputs": [],
   "source": [
    "def f(x):\n",
    "    return math.factorial(x)"
   ]
  },
  {
   "cell_type": "code",
   "execution_count": null,
   "metadata": {},
   "outputs": [],
   "source": [
    "if __name__ == '__main__':\n",
    "\n",
    "    with Pool(processes=4) as pool:\n",
    "\n",
    "        print(pool.map(f, range(3_000)))"
   ]
  },
  {
   "cell_type": "code",
   "execution_count": null,
   "metadata": {},
   "outputs": [],
   "source": [
    "if __name__ == '__main__':\n",
    "    with open('x.txt', 'a') as f:\n",
    "        with Pool(processes=10) as pool:\n",
    "            for i in pool.imap_unordered(f, range(3_000)):\n",
    "                f.write(i)"
   ]
  },
  {
   "cell_type": "code",
   "execution_count": null,
   "metadata": {},
   "outputs": [],
   "source": [
    "if __name__ == '__main__':\n",
    "\n",
    "    with Pool(processes=4) as pool:\n",
    "\n",
    "        res = pool.apply_async(f, (2,))\n",
    "        print(res.get(timeout=1))"
   ]
  },
  {
   "cell_type": "code",
   "execution_count": null,
   "metadata": {},
   "outputs": [],
   "source": [
    "if __name__ == '__main__':\n",
    "\n",
    "    with Pool(processes=4) as pool:\n",
    "\n",
    "        res = pool.apply_async(os.getpid, ())\n",
    "        print(res.get(timeout=1))"
   ]
  },
  {
   "cell_type": "code",
   "execution_count": null,
   "metadata": {},
   "outputs": [],
   "source": [
    "if __name__ == '__main__':\n",
    "\n",
    "    with Pool(processes=4) as pool:\n",
    "\n",
    "        multiple_results = [pool.apply_async(os.getpid, ()) for i in range(4)]\n",
    "        print([res.get(timeout=1) for res in multiple_results])"
   ]
  },
  {
   "cell_type": "markdown",
   "metadata": {},
   "source": [
    "# Запись в один файл разными процессами"
   ]
  },
  {
   "cell_type": "code",
   "execution_count": null,
   "metadata": {},
   "outputs": [],
   "source": [
    "def f(args):\n",
    "    x, y, file = args\n",
    "    n=100_000\n",
    "    y = len(str((x * y) ** n))\n",
    "    file.write(str(y) + '\\n')\n",
    "\n",
    "dataset = [[1, 2], [2, 3], [3, 4]]"
   ]
  },
  {
   "cell_type": "code",
   "execution_count": null,
   "metadata": {},
   "outputs": [],
   "source": [
    "with open('abcd.txt', 'a') as fl:\n",
    "    for x in dataset:\n",
    "        f([x[0], x[1], fl])"
   ]
  },
  {
   "cell_type": "code",
   "execution_count": null,
   "metadata": {},
   "outputs": [],
   "source": [
    "if __name__ == '__main__':\n",
    "    with open('abc.txt', 'a') as fl:\n",
    "        with mp.Pool(3) as p:\n",
    "            p.map(f, [[x[0], x[1], fl] for x in dataset])"
   ]
  },
  {
   "cell_type": "code",
   "execution_count": null,
   "metadata": {},
   "outputs": [],
   "source": [
    "if __name__ == '__main__':\n",
    "    fl = open('ab.txt', 'a')\n",
    "    pool = mp.Pool(processes=1)\n",
    "    with pool as p:\n",
    "        for x in dataset:\n",
    "            p.apply_async(f, args=[x[0], x[1], fl])\n",
    "    fl.close()"
   ]
  },
  {
   "cell_type": "code",
   "execution_count": null,
   "metadata": {},
   "outputs": [],
   "source": [
    "import multiprocess as mp\n",
    "import time\n",
    "import random\n",
    "\n",
    "\n",
    "def thr_work00(args):\n",
    "    global o_lock, o_file\n",
    "\n",
    "    s = random.randint(0, 5)\n",
    "    with o_lock:\n",
    "        time.sleep(s)\n",
    "        print(f\"\\x1b[92m{args[0]} \\x1b[32m{s}\\x1b[0m\")\n",
    "        o_file.write(f\"{args[0]} {s}\\n\")\n",
    "        o_file.flush()\n",
    "    return args\n",
    "\n",
    "\n",
    "with open(\"test.txt\", \"w\") as o_file:\n",
    "    o_lock = mp.Lock()\n",
    "\n",
    "    tasks = [\n",
    "        [0, 0, 1],\n",
    "        [1, 2, 3],\n",
    "        [2, 4, 5],\n",
    "        [3, 6, 7],\n",
    "    ]\n",
    "\n",
    "    with mp.Pool(2) as pool:\n",
    "        results = pool.map(thr_work00, tasks)\n",
    "        for res in results:\n",
    "            print(res)"
   ]
  },
  {
   "cell_type": "markdown",
   "metadata": {},
   "source": [
    "# Апробация различных способов работы с файлами"
   ]
  },
  {
   "cell_type": "code",
   "execution_count": null,
   "metadata": {},
   "outputs": [],
   "source": [
    "import smart_profiler as sp\n",
    "import numpy as np\n",
    "from scipy import optimize\n",
    "import multiprocess as mp\n",
    "from smart_profiler import FnRunner as fr\n",
    "\n",
    "original_result = {'start_day': '2014-01-13', 'start_balance': 100000, 'duration': 1, 'demanded_return': 0.025, 'k': 2, 'training_period': ['2014-01-09', '2014-01-10'], 'holding_period': ['2014-01-13', '2014-01-13'], 'isin_codes': ['RU0007252813', 'RU0007661302', 'RU0007775219', 'RU0008943394', 'RU0008958863', 'RU0009024277', 'RU0009029540', 'RU0009033591', 'RU0009062285', 'RU000A0B6NK6', 'RU000A0DKVS5', 'RU000A0JP5V6', 'RU000A0JP7H1', 'RU000A0JP7J7', 'RU000A0JPFP0', 'RU000A0JPKH7'], 'lot_sizes': [100, 100, 1, 1000, 1, 1, 1000, 10, 10, 10, 10, 10, 10, 10, 10, 10000], 'mean_returns': [0.009082030358626125, 0.00933444060554528, 0.009348445479005998, 0.0042804054671833, 0.0007640565944928559, 0.005493208702129411, 0.011523818845981512, 0.004520936289064423, 0.030013893898220456, 0.013945693482258114, 0.014660505797813618, 0.006507413575954545, 0.006022766574938728, 0.015012315448107353, 0.0071198964636890166, 0.010985787905438686], 'risk': 6.496411938705648e-05, 'lots_to_buy': [0, 0, 0, 0, 0, 0, 0, 0, 76, 9, 2, 0, 0, 17, 0, 0], 'markowitz_weights': [0.0, 0.0, 0.0, 0.0, 0.0, 0.0, 0.0, 0.0, 0.67459, 0.08675, 0.1129, 0.0, 0.0, 0.12577, 0.0, 0.0], 'markowitz_return': 0.025000131612868046, 'delisted': {}, 'delisting_losts': 0, 'real_return': -0.01915600000000006, 'balance': 4732.5, 'current_prices': [33.5, 168.55, 317.5, 111.7, 0.8733, 2001.0, 100.24, 200.51, 87.95, 94.45, 397.0, 0.0489, 409.87, 70.5, 600.2, 0.5737], 'expected_prices': [33.804248017013975, 170.12331996406468, 320.4681314395844, 112.17812129068437, 0.8739672506239706, 2011.9919106129607, 101.39514760112117, 201.4164929353203, 90.58972196834848, 95.76717074939928, 402.820220801732, 0.04921821252386418, 412.33855133607017, 71.55836823909158, 604.4733618575061, 0.5800025465213502], 'future_prices': [32.6, 168.16, 314.5, 111.0, 0.8668, 1980.0, 99.25, 197.2, 84.93, 94.9, 398.06, 0.04908, 410.89, 72.37, 611.9, 0.5669], 'selected_mean_returns': [0, 0, 0, 0, 0, 0, 0, 0, 0.030013893898220456, 0.013945693482258114, 0.014660505797813618, 0, 0, 0.015012315448107353, 0, 0], 'expected_return': 0.02421061080070998}\n",
    "mean_returns = original_result['mean_returns']\n",
    "covs = [[1.8923851635822984e-05, 2.6981141771479584e-05, -2.237444808889806e-05, -6.891122534553994e-06, -3.785949149598603e-05, 8.789924027056173e-06, 1.9530036714581253e-05, 1.2125296045249721e-05, -0.00022096626077729717, -1.012445342146703e-05, -6.307304082658262e-05, -1.4543771109699596e-05, 4.6493987132216805e-05, 2.0414457382579365e-06, -6.04347276653956e-05, -5.111064098520333e-06], [2.6981141771479584e-05, 3.84690191670392e-05, -3.190091359638347e-05, -9.82518557255393e-06, -5.3979090890547495e-05, 1.2532447986729491e-05, 2.7845424892298983e-05, 1.7287935770894443e-05, -0.00031504802106247887, -1.4435185731758332e-05, -8.992792214027188e-05, -2.0736135420757767e-05, 6.628993306843444e-05, 2.910640917224924e-06, -8.616628297666765e-05, -7.287223959431521e-06], [-2.237444808889806e-05, -3.190091359638347e-05, 2.6454230191443934e-05, 8.147657590579529e-06, 4.476283388025928e-05, -1.0392688689041982e-05, -2.3091165638684094e-05, -1.4336236203278729e-05, 0.00026125749801380417, 1.1970557678557326e-05, 7.457385023627343e-05, 1.719569873898122e-05, -5.497175319037204e-05, -2.4136852568897215e-06, 7.145446407730092e-05, 6.0430212914423145e-06], [-6.891122534553994e-06, -9.82518557255393e-06, 8.147657590579529e-06, 2.5094029851905818e-06, 1.3786537752223217e-05, -3.200851745487178e-06, -7.111864893812078e-06, -4.4154278116081285e-06, 8.046488676417622e-05, 3.686820762779646e-06, 2.2968054354226883e-05, 5.296115756991224e-06, -1.6930790233081898e-05, -7.43392677172967e-07, 2.2007312343131764e-05, 1.8611945212141606e-06], [-3.785949149598603e-05, -5.3979090890547495e-05, 4.476283388025928e-05, 1.3786537752223217e-05, 7.57425667838842e-05, -1.7585323556581774e-05, -3.907223926403543e-05, -2.425814529439904e-05, 0.000442070167944122, 2.025521366305449e-05, 0.00012618537170729283, 2.909660196262119e-05, -9.301693673789441e-05, -4.084163153170486e-06, 0.00012090710190197346, 1.0225312029347602e-05], [8.789924027056173e-06, 1.2532447986729491e-05, -1.0392688689041982e-05, -3.200851745487178e-06, -1.7585323556581774e-05, 4.082824463449103e-06, 9.071490427552237e-06, 5.632068623997887e-06, -0.00010263643375317851, -4.702698906268078e-06, -2.9296744008052607e-05, -6.755424084976151e-06, 2.159595321670571e-05, 9.482294244305136e-07, -2.8071276133293097e-05, -2.3740338905618505e-06], [1.9530036714581253e-05, 2.7845424892298983e-05, -2.3091165638684094e-05, -7.111864893812078e-06, -3.907223926403543e-05, 9.071490427552237e-06, 2.015563963473781e-05, 1.2513703948651537e-05, -0.00022804444194093751, -1.0448768614419531e-05, -6.509345067531598e-05, -1.5009649684803534e-05, 4.798332248497218e-05, 2.106839082564443e-06, -6.237062479958329e-05, -5.274786096173026e-06], [1.2125296045249721e-05, 1.7287935770894443e-05, -1.4336236203278729e-05, -4.4154278116081285e-06, -2.425814529439904e-05, 5.632068623997887e-06, 1.2513703948651537e-05, 7.769179711102434e-06, -0.0001415822412634372, -6.487156916789598e-06, -4.04135113302571e-05, -9.31879691899669e-06, 2.9790624506639592e-05, 1.3080388925599585e-06, -3.872303474255688e-05, -3.2748705968234713e-06], [-0.00022096626077729717, -0.00031504802106247887, 0.00026125749801380417, 8.046488676417622e-05, 0.000442070167944122, -0.00010263643375317851, -0.00022804444194093751, -0.0001415822412634372, 0.0025801348130140896, 0.00011821920072130128, 0.0007364787177321188, 0.00016982180908814982, -0.0005428917264277066, -2.383714690030054e-05, 0.0007056721882155037, 5.967985504099044e-05], [-1.012445342146703e-05, -1.4435185731758332e-05, 1.1970557678557326e-05, 3.686820762779646e-06, 2.025521366305449e-05, -4.702698906268078e-06, -1.0448768614419531e-05, -6.487156916789598e-06, 0.00011821920072130128, 5.416685728470499e-06, 3.374471943069918e-05, 7.78106571570718e-06, -2.4874756796725703e-05, -1.0921942682281018e-06, 3.2333195010315517e-05, 2.7344713642567655e-06], [-6.307304082658262e-05, -8.992792214027188e-05, 7.457385023627343e-05, 2.2968054354226883e-05, 0.00012618537170729283, -2.9296744008052607e-05, -6.509345067531598e-05, -4.04135113302571e-05, 0.0007364787177321188, 3.374471943069918e-05, 0.000210221922876471, 4.847426869686838e-05, -0.0001549640741755575, -6.804121743939906e-06, 0.00020142844695353305, 1.7035134324505293e-05], [-1.4543771109699596e-05, -2.0736135420757767e-05, 1.719569873898122e-05, 5.296115756991224e-06, 2.909660196262119e-05, -6.755424084976151e-06, -1.5009649684803534e-05, -9.31879691899669e-06, 0.00016982180908814982, 7.78106571570718e-06, 4.847426869686838e-05, 1.117749611241516e-05, -3.573257283143313e-05, -1.5689363942111636e-06, 4.644661473559047e-05, 3.928066432055924e-06], [4.6493987132216805e-05, 6.628993306843444e-05, -5.497175319037204e-05, -1.6930790233081898e-05, -9.301693673789441e-05, 2.159595321670571e-05, 4.798332248497218e-05, 2.9790624506639592e-05, -0.0005428917264277066, -2.4874756796725703e-05, -0.0001549640741755575, -3.573257283143313e-05, 0.00011423101813790624, 5.015625450476934e-06, -0.0001484820059091386, -1.2557366914603017e-05], [2.0414457382579365e-06, 2.910640917224924e-06, -2.4136852568897215e-06, -7.43392677172967e-07, -4.084163153170486e-06, 9.482294244305136e-07, 2.106839082564443e-06, 1.3080388925599585e-06, -2.383714690030054e-05, -1.0921942682281018e-06, -6.804121743939906e-06, -1.5689363942111636e-06, 5.015625450476934e-06, 2.2022476092353117e-07, -6.519508798185281e-06, -5.51365558274401e-07], [-6.04347276653956e-05, -8.616628297666765e-05, 7.145446407730092e-05, 2.2007312343131764e-05, 0.00012090710190197346, -2.8071276133293097e-05, -6.237062479958329e-05, -3.872303474255688e-05, 0.0007056721882155037, 3.2333195010315517e-05, 0.00020142844695353305, 4.644661473559047e-05, -0.0001484820059091386, -6.519508798185281e-06, 0.00019300279764805368, 1.6322563335348398e-05], [-5.111064098520333e-06, -7.287223959431521e-06, 6.0430212914423145e-06, 1.8611945212141606e-06, 1.0225312029347602e-05, -2.3740338905618505e-06, -5.274786096173026e-06, -3.2748705968234713e-06, 5.967985504099044e-05, 2.7344713642567655e-06, 1.7035134324505293e-05, 3.928066432055924e-06, -1.2557366914603017e-05, -5.51365558274401e-07, 1.6322563335348398e-05, 1.3804259683442294e-06]]\n",
    "max_weight = 0.125\n",
    "l = len(mean_returns)"
   ]
  },
  {
   "cell_type": "code",
   "execution_count": null,
   "metadata": {},
   "outputs": [],
   "source": [
    "def markowitz_rtn(mean_returns, covs, rtn_min, bnds):\n",
    "    \n",
    "    X0 = [0] * len(mean_returns)\n",
    "\n",
    "    def total_return(X):\n",
    "        return sum(x * mean_returns[i] for i, x in enumerate(X)) - rtn_min\n",
    "\n",
    "    def risk(X):\n",
    "        return np.sqrt(100 + np.dot(np.array(X), np.dot(covs, X).T))\n",
    "    \n",
    "    constraints = [dict(type='ineq', fun=lambda X: 1 - sum(X)),\n",
    "                   dict(type='ineq', fun=total_return)]\n",
    "\n",
    "    opt = optimize.minimize(risk, X0, method='SLSQP', bounds=bnds, constraints=constraints, options={'disp': False})\n",
    "\n",
    "    res = [round(r, 5) for r in opt.x]\n",
    "    \n",
    "    return {\n",
    "        'risk': opt.fun,\n",
    "        'weights': res\n",
    "    }"
   ]
  },
  {
   "cell_type": "code",
   "execution_count": null,
   "metadata": {},
   "outputs": [],
   "source": [
    "def task(max_weight=1.0):\n",
    "    with open('xxx.txt', 'a') as file:\n",
    "        res = markowitz_rtn(mean_returns, covs, rtn_min=0.05, bnds=[(0, max_weight)] * l)\n",
    "        file.write(str(res) + '\\n')\n",
    "\n",
    "def task_2(xxx=None):\n",
    "    res = markowitz_rtn(mean_returns, covs, rtn_min=0.05, bnds=[(0, max_weight)] * l)\n",
    "    return str(res)"
   ]
  },
  {
   "cell_type": "code",
   "execution_count": null,
   "metadata": {},
   "outputs": [],
   "source": [
    "def fn_1():\n",
    "    \n",
    "    for _ in range(5):\n",
    "        task()\n",
    "    \n",
    "\n",
    "def fn_2():\n",
    "        \n",
    "    p1 = mp.Process(target=task)\n",
    "    p2 = mp.Process(target=task)\n",
    "    p3 = mp.Process(target=task)\n",
    "    p4 = mp.Process(target=task)\n",
    "    p5 = mp.Process(target=task)\n",
    "\n",
    "    p1.start()\n",
    "    p2.start()\n",
    "    p3.start()\n",
    "    p4.start()\n",
    "    p5.start()\n",
    "\n",
    "    p1.join()\n",
    "    p2.join()\n",
    "    p3.join()\n",
    "    p4.join()\n",
    "    p5.join()\n",
    "\n",
    "\n",
    "def fn_3():\n",
    "    with mp.Pool(5) as p:\n",
    "        p.map(task, [None] * 5)\n",
    "\n",
    "\n",
    "def fn_4():\n",
    "    pool = mp.Pool(processes=5)\n",
    "    with open('xxx.txt', 'a') as fl:\n",
    "        for output in pool.imap(task_2, range(5)):\n",
    "            fl.write(output + '\\n')\n",
    "    \n",
    "    pool.close()\n",
    "    pool.join()\n",
    "\n",
    "\n",
    "def fn_5():\n",
    "    def write_result(output):\n",
    "        output_file.write(output + '\\n')\n",
    "\n",
    "    pool = mp.Pool(5)\n",
    "\n",
    "    with open('xxx.txt', 'w') as output_file:\n",
    "        for l in range(5):\n",
    "            pool.apply_async(task_2, args=None, callback=write_result)\n",
    "    \n",
    "    pool.close()\n",
    "    pool.join()\n",
    "\n",
    "\n",
    "def fn_6():\n",
    "    pool = mp.Pool(processes=1)\n",
    "    pool.apply_async(task, args=(0.125,))\n",
    "    pool.apply_async(task, args=(0.25,))\n",
    "    pool.apply_async(task)\n",
    "    pool.apply_async(task)\n",
    "    pool.apply_async(task)\n",
    "\n",
    "\n",
    "# def fn_7():\n",
    "#     with mp.Pool(5) as p:\n",
    "#         p.map_async(task, [None] * 5)\n",
    "\n",
    "\n",
    "# def fn_8():\n",
    "#     with mp.Pool(1) as p:\n",
    "#         p.map_async(task, [None] * 5)\n",
    "\n",
    "\n",
    "#    5 pool.map(func, iterable) # parallel map! blocks until the result is ready\n",
    "#    6 pool.map_async(func, iterable) # parallel map! does not block\n",
    "#    7 pool.imap(func, iterable) # parallel itertools.imap (the differ"
   ]
  },
  {
   "cell_type": "code",
   "execution_count": null,
   "metadata": {},
   "outputs": [],
   "source": [
    "sfp1 = fr(fn_1)\n",
    "sfp2 = fr(fn_2)\n",
    "sfp3 = fr(fn_3)\n",
    "sfp4 = fr(fn_4)\n",
    "sfp5 = fr(fn_5)\n",
    "sfp6 = fr(fn_6)\n",
    "# sfp7 = fr(fn_7)\n",
    "# sfp8 = fr(fn_8)"
   ]
  },
  {
   "cell_type": "code",
   "execution_count": null,
   "metadata": {},
   "outputs": [],
   "source": [
    "sfp1_result = sfp1.run(100)"
   ]
  },
  {
   "cell_type": "code",
   "execution_count": null,
   "metadata": {},
   "outputs": [],
   "source": [
    "sfp2_result = sfp2.run(100)"
   ]
  },
  {
   "cell_type": "code",
   "execution_count": null,
   "metadata": {},
   "outputs": [],
   "source": [
    "sfp3_result = sfp3.run(100)"
   ]
  },
  {
   "cell_type": "code",
   "execution_count": null,
   "metadata": {},
   "outputs": [],
   "source": [
    "sfp4_result = sfp4.run(100)"
   ]
  },
  {
   "cell_type": "code",
   "execution_count": null,
   "metadata": {},
   "outputs": [],
   "source": [
    "sfp5_result = sfp5.run(100)"
   ]
  },
  {
   "cell_type": "code",
   "execution_count": null,
   "metadata": {},
   "outputs": [],
   "source": [
    "sfp6_result = sfp6.run(100)"
   ]
  },
  {
   "cell_type": "code",
   "execution_count": null,
   "metadata": {},
   "outputs": [],
   "source": [
    "sfp7_result = sfp7.run(100)"
   ]
  },
  {
   "cell_type": "code",
   "execution_count": null,
   "metadata": {},
   "outputs": [],
   "source": [
    "sfp8_result = sfp8.run(100)"
   ]
  },
  {
   "cell_type": "code",
   "execution_count": null,
   "metadata": {},
   "outputs": [],
   "source": [
    "edge = ('*', '1')\n",
    "sp.compare_edges(sfp6_result, edge, sfp7_result, edge)"
   ]
  },
  {
   "cell_type": "code",
   "execution_count": null,
   "metadata": {},
   "outputs": [],
   "source": [
    "sfp6_result.inspect_edge(('*', '1'))"
   ]
  },
  {
   "cell_type": "code",
   "execution_count": null,
   "metadata": {},
   "outputs": [],
   "source": [
    "sfp7_result.inspect_edge(('*', '1'))"
   ]
  },
  {
   "cell_type": "markdown",
   "metadata": {},
   "source": [
    "# Yet another experiment"
   ]
  },
  {
   "cell_type": "code",
   "execution_count": null,
   "metadata": {},
   "outputs": [],
   "source": [
    "def f1(args):\n",
    "    x, y = args\n",
    "    print(x * y)\n",
    "\n",
    "def f2(l, args):\n",
    "    x, y = args\n",
    "    l.acquire()\n",
    "    try:    \n",
    "        print(x * y)\n",
    "    finally:\n",
    "        l.release()"
   ]
  },
  {
   "cell_type": "code",
   "execution_count": null,
   "metadata": {},
   "outputs": [],
   "source": [
    "dataset = [(1, 2), (2, 3), (3, 4), (4, 5), (5, 6)]\n",
    "\n",
    "def ff1():    \n",
    "    for i in range(5):\n",
    "        f1(dataset[i])\n",
    "\n",
    "def ff2():\n",
    "    lock = mp.Lock()\n",
    "\n",
    "    for i in range(5):\n",
    "        p = mp.Process(target=f2, args=(lock, dataset[i]))\n",
    "        p.start()\n",
    "        p.join()"
   ]
  },
  {
   "cell_type": "code",
   "execution_count": null,
   "metadata": {},
   "outputs": [],
   "source": [
    "sfp1 = sfp(ff1)\n",
    "sfp2 = sfp(ff2)"
   ]
  },
  {
   "cell_type": "code",
   "execution_count": null,
   "metadata": {},
   "outputs": [],
   "source": [
    "sfp1.run(100)"
   ]
  },
  {
   "cell_type": "code",
   "execution_count": null,
   "metadata": {},
   "outputs": [],
   "source": [
    "from multiprocess import RawArray\n",
    "X = RawArray('d', 100)\n",
    "\n",
    "X_shape = (16, 1000000)\n",
    "data = np.random.randn(*X_shape)\n",
    "X = RawArray('d', X_shape[0] * X_shape[1])\n",
    "X_np = np.frombuffer(X, dtype=np.float64).reshape(X_shape)\n",
    "np.copyto(X_np, data)"
   ]
  },
  {
   "cell_type": "code",
   "execution_count": null,
   "metadata": {},
   "outputs": [],
